; Parameters (columns in tables below; may contain wildcards, later matches supersede earlier): verif_param(n_verif_param)
*         PMSL         PS         TD_2M*      T_2M*       CLCT      DD*        FF*    TOT_PREC[36] TOT_PREC1  TOT_PREC12   VMAX*    RELHUM_2M      GLOB*      DURSUN12     DURSUN1     ATHD_S
; Scores (rows in tables below): verif_scores(n_scores)
ME MMOD MAE STDE RMSE COR MINE MAXE COV NMOD NOBS N
; Ranges for station scores  (i=2: min/max range, j=columns: parameter, k=lines: score): station_range(2,n_verif_param,n_scores)
0 0     -3.5    3.5  -3.5   3.5  -6.   6.   -5.   5.   -2.4  2.4 -40.  40.   -3.6  3.6  -2.   2.    -0.3  0.3  -5.   5.  -10.  10.  -25.   25.  -110.  110. -180.  180.  -15.   15.    0    0
0 0   1005.  1027   745  1025   -20   20   -15   30     0    8.0   0  360     1    9     0    4      0    0.6   0    8     0   35     0   100     50   250     0   360     0.   30.  190. 400.
0 0      0.     3.5   0     3.5   0    6     0    5     0    3.2   0   80     0    4.0   0    3      0    0.6   0    8     0   10     0    35     25   110     0   210     0.   18.    0    0
0 0      0.     3.5   0     3.5   0    6     0    5     0    4.0   0  100     0    4.0   0   10      0    2     0   20     0   10     0    30     80   200     0   180     0.   24.    0    0
0 0      0.     3.5   0     3.5   0    6     0    5     0    4.0   0  100     0    4.5   0   10      0    2     0   25     0   10     0    45     80   220     0   240     0.   30.    0    0
0 0      0.9    1.0   0.9   1.0   0.5  1.0   0.5  1.0  -0.1  0.8  -0.5  0.9   0    0.9  -0.1  1.0   -0.1  1.0  -0.1  1.0  -1.0  1.0  -0.1   1.0    0.5   1.0   0.0   1.0   0.0   1.0   0    0
0 0    -20     20   -20    20   -25   25   -20   20  -8.0  8.0  -180  180     0    0  -500  500      0    0  -500  500     0    0  -100   100      0     0     0     0     0.    0.    0    0
0 0    -20     20   -20    20   -25   25   -20   20  -8.0  8.0  -180  180     0    0  -500  500      0    0  -500  500     0    0  -100   100      0     0     0     0     0.    0.    0    0
0 0      0      0     0     0     0    0     0    0     0    0     0    0     0    0     0    0      0    0     0    0     0    0     0     0      0     0     0     0     0.    0.    0    0
0 0      0      0     0     0     0    0     0    0     0    0     0    0     0    0     0    0      0    0     0    0     0    0     0     0      0     0     0     0     0.    0.    0    0
0 0      0      0     0     0     0    0     0    0     0    0     0    0     0    0     0    0      0    0     0    0     0    0     0     0      0     0     0     0     0.    0.    0    0
0 0      0      0     0     0     0    0     0    0     0    0     0    0     0    0     0    0      0    0     0    0     0    0     0     0      0     0     0     0     0.    0.    0    0
; Ranges for time scores: time_range(2,n_verif_param,n_scores)
0 0     -8.     8.   -6.    6.   -5.   5.   -5.   5.   -7.   7.  -60.  60.   -5.   5.   -7.   7.    -3.   3.  -12.  12.   -8.   8.  -30.   30.  -280.  420. -200.  400.  -40.   60.    0    0
0 0    980.  1050.  960  1020   -10   20     5   35     0   10.    0  500     0   10     0   15      0    5     0   30     0   30    20   120    -10  1100     0   600     0.   85.    0    0
0 0      0.     8.    0     8     0    7     0    5.5   0    7.    0  120     0    6     0   10      0    4     0   16     0   10     0    30      0   420     0   400     0.   60.    0    0
0 0      0.     6.    0     6     0    8     0    6     0    5.    0  120     0    6     0   15      0    9     0   20     0   10     0    35      0   550     0   200     0.   50.    0    0
0 0      0.     8.    0     8     0    8     0    6     0    7.    0  120     0    8     0   16      0    9     0   25     0   12     0    40      0   550     0   400     0.   60.    0    0
0 0     -0.8    1.3   0.97  1.03  0.0  1.3   0.0  1.3  -0.7  1.3  -0.4  1.3  -0.4  1.3  -0.3  1.3   -0.3  1.3  -0.3  1.3  -0.4  1.3  -0.5   1.3   -0.5   1.3  -0.5   1.3  -0.5   1.3   0    0
0 0    -20      0   -20     0   -25    0   -20    0     0    0     0    0     0    0     0    0      0    0     0    0     0    0     0     0      0     0     0     0     0.    0.    0    0
0 0      0     20     0    20     0   25     0   20     0    0     0    0     0    0     0    0      0    0     0    0     0    0     0     0      0     0     0     0     0.    0.    0    0
0 0      0      0     0     0     0    0     0    0     0    0     0    0     0    0     0    0      0    0     0    0     0    0     0     0      0     0     0     0     0.    0.    0    0
0 0      0      0     0     0     0    0     0    0     0    0     0    0     0    0     0    0      0    0     0    0     0    0     0     0      0     0     0     0     0.    0.    0    0
0 0      0      0     0     0     0    0     0    0     0    0     0    0     0    0     0    0      0    0     0    0     0    0     0     0      0     0     0     0     0.    0.    0    0
0 0      0      0     0     0     0    0     0    0     0    0     0    0     0    0     0    0      0    0     0    0     0    0     0     0      0     0     0     0     0.    0.    0    0
; Ranges for daytime scores: daytime_range(2,n_verif_param,n_scores)
0 0     -2.     3.   -3.    2.   -3.   3.   -3.   3.   -1.   2.5 -20.  20.   -2.   1.5  -1.   1.    -0.5  0.5  -1.7  1.7  -3.   5.  -15.   10.   -60.   60.    0.  160.  -10.   30.    0    0
0 0   1011.  1021.  893.  910.   10.  20.   10.  25.    0.   8.    0. 500.    0.   5.5   0.   2.     0.   0.5   0.   3.5   0.  15.   50.   90.   -10.  800.    0.  550.    0.   80.    0    0
0 0      0.     2.5   0.    4.    0.   4.    0.   3.    0.   3.5   0.  80.    0.   2.5   0.   2.1    0.   0.6   0.   3.    0.   5.    0.   20.     0.  220.    0.  170.    0.   30.    0    0
0 0      0.     2.5   0.    7.    0.   5.    0.   4.    0.   4.5   0. 100.    0.   3.5   0.   6.5    0.   2.6   0.   7.    0.   6.    0.   25.     0.  280.    0.  170.    0.   40.    0    0
0 0      0.     3.5   0.    7.    0.   5.    0.   4.    0.   4.5   0. 100.    0.   3.5   0.   6.5    0.   2.6   0.   7.    0.   7.    0.   25.     0.  280.    0.  220.    0.   45.    0    0
0 0      0.8    1.05  0.97  1.03  0.4  1.1   0.8  1.1   0.2  1.0   0.   0.8   0.   1.0   0.2  1.0    0.   1.0   0.2  1.0   0.2  1.0   0.    1.1   -0.1   1.1   0.5   0.9   0.2   0.8   0    0
0 0    -20      0   -20     0   -25    0   -20    0     0    0     0    0     0    0     0    0      0    0     0    0     0    0     0     0      0     0     0     0     0.    0.    0    0
0 0      0     20     0    20     0   25     0   20     0    0     0    0     0    0     0    0      0    0     0    0     0    0     0     0      0     0     0     0     0.    0.    0    0
0 0      0      0     0     0     0    0     0    0     0    0     0    0     0    0     0    0      0    0     0    0     0    0     0     0      0     0     0     0     0.    0.    0    0
0 0      0      0     0     0     0    0     0    0     0    0     0    0     0    0     0    0      0    0     0    0     0    0     0     0      0     0     0     0     0.    0.    0    0
0 0      0      0     0     0     0    0     0    0     0    0     0    0     0    0     0    0      0    0     0    0     0    0     0     0      0     0     0     0     0.    0.    0    0
0 0      0      0     0     0     0    0     0    0     0    0     0    0     0    0     0    0      0    0     0    0     0    0     0     0      0     0     0     0     0.    0.    0    0
; Ranges for total scores: total_range(2,n_verif_param,n_scores)
0 0     -1.5    1.5  -1.5   1.5  -2.5  2.   -2.   2.   -0.8  4.  -10.  10.   -1.2  0.6  -0.7  0.7   -0.2  0.2  -1.5  1.5  -4.   4.  -10.    5.   -20.   20.    0.  170.    0.   14.    0    0
0 0   1012.  1022.  896.  906.    5.  15.   10.  25.    1.6  8.    0. 500.    0.   4.5   0.   1.8    0.   0.5   0.   3.    6.  12.   60.   85.    50.  350.   60.  500.    4.   42.    0    0
0 0      0.     3.5   0.    4.    0.   3.5   0.   3.2   0.   3.6   0.  80.    0.   2.5   0.   2.     0.   0.5   0.   3.    0.   6.    0.   20.    20.  120.    0.  180.    0.   16.    0    0
0 0      0.     4.5   0.    7.    0.   4.6   0.   3.5   0.   4.5   0. 110.    0.   3.2   0.   6.     0.   2.    0.   8.    0.   7.    0.   25.    50.  180.    0.  190.    0.   30.    0    0
0 0      0.     4.5   0.    7.    0.   5.0   0.   3.5   0.   5.    0. 120.    0.   3.4   0.   6.     0.   2.    0.   8.    0.   8.    0.   25.    50.  200.    0.  230.    0.   32.    0    0
0 0      0.8    1.05  0.8   1.1   0.6  1.1   0.6  1.1   0.   0.8   0.   0.8   0.2  0.9   0.   1.     0.   1.    0.   1.    0.3  0.9   0.5   0.8    0.6   1.05  0.    1.05  0.    1.05  0    0
0 0    -21      0   -21     0   -26    0   -21    0     0    0     0    0     0    0     0    0      0    0     0    0     0    0     0     0      0     0     0     0     0.    0.    0    0
0 0      0     21     0    21     0   26     0   21     0    0     0    0     0    0     0    0      0    0     0    0     0    0     0     0      0     0     0     0     0.    0.    0    0
0 0      0      0     0     0     0    0     0    0     0    0     0    0     0    0     0    0      0    0     0    0     0    0     0     0      0     0     0     0     0.    0.    0    0
0 0      0      0     0     0     0    0     0    0     0    0     0    0     0    0     0    0      0    0     0    0     0    0     0     0      0     0     0     0     0.    0.    0    0
0 0      0      0     0     0     0    0     0    0     0    0     0    0     0    0     0    0      0    0     0    0     0    0     0     0      0     0     0     0     0.    0.    0    0
0 0      0      0     0     0     0    0     0    0     0    0     0    0     0    0     0    0      0    0     0    0     0    0     0     0      0     0     0     0     0.    0.    0    0
; Colortable settings for station scores: station_ct(n_verif_param,n_scores) (low-high-sym: ME, FBI; low-high: MMOD, MF; good-bad: MAE, STDE, RMSE, FAR; bad-good: COR, NOBS, POD, THS, ETS)
53       66           66          60         67         54         66         66         60          60         60         66         60           55          55          55         54
57       70           70          69         68         64         57         48         63          63         63         48         69           64          64          64         64
65       65           65          65         65         65         65         65         65          65         65         65         65           65          65          65         65
65       65           65          65         65         65         65         65         65          65         65         65         65           65          65          65         65
65       65           65          65         65         65         65         65         65          65         65         65         65           65          65          65         65
64       64           64          64         64         64         64         64         64          64         64         64         64           64          64          64         64
53       53           53          60         52         64         53         53         60          60         60         53         60           64          64          64         64
53       53           53          60         52         64         53         53         60          60         60         53         60           64          64          64         64
57       57           57          57         57         57         57         57         57          57         57         57         57           57          57          57         57
57       57           57          57         57         57         57         57         57          57         57         57         57           57          57          57         57
64       64           64          64         64         64         64         64         64          64         64         64         64           64          64          64         64
64       64           64          64         64         64         64         64         64          64         64         64         64           64          64          64         64
; Categorical parameters (columns of tables below): cat_param(n_cat_param)
*           CLCT       TOT_PREC[36] TOT_PREC1   TOT_PREC12  T_2M*      TD_2M*     FF*        VMAX*      ALNU24     AMBR24     BETU24     POAC24
; Categorical scores per parameter (rows of tables below; depend on parameter above): cat_scores(n_cat_scores,n_cat_param)
FBI()     MF()     POD()     FAR()      THS()     ETS()     n/a       n/a      n/a       n/a       n/a       n/a       n/a       n/a      n/a       n/a        n/a       n/a
FBI(2.5)  MF(2.5)  POD(2.5)  FAR(2.5)   THS(2.5)  ETS(2.5)  FBI(6.5)  MF(6.5)  POD(6.5)  FAR(6.5)  THS(6.5)  ETS(6.5)  n/a       n/a      n/a       n/a        n/a       n/a
FBI(0.2)  MF(0.2)  POD(0.2)  FAR(0.2)   THS(0.2)  ETS(0.2)  FBI(1)    MF(1)    POD(1)    FAR(1)    THS(1)    ETS(1)    FBI(5)    MF(5)    POD(5)    FAR(5)     THS(5)    ETS(5)
FBI(0.2)  MF(0.2)  POD(0.2)  FAR(0.2)   THS(0.2)  ETS(0.2)  FBI(0.5)  MF(0.5)  POD(0.5)  FAR(0.5)  THS(0.5)  ETS(0.5)  FBI(2)    MF(2)    POD(2)    FAR(2)     THS(2)    ETS(2)
FBI(0.1)  MF(0.1)  POD(0.1)  FAR(0.1)   THS(0.1)  ETS(0.1)  FBI(1)    MF(1)    POD(1)    FAR(1)    THS(1)    ETS(1)    FBI(10)   MF(10)   POD(10)   FAR(10)    THS(10)   ETS(10)
FBI(0)    MF(0)    POD(0)    FAR(0)     THS(0)    ETS(0)    FBI(15)   MF(15)   POD(15)   FAR(15)   THS(15)   ETS(15)   FBI(25)   MF(25)   POD(25)   FAR(25)    THS(25)   ETS(25)
FBI(-5)   MF(-5)   POD(-5)   FAR(-5)    THS(-5)   ETS(-5)   FBI(5)    MF(5)    POD(5)    FAR(5)    THS(5)    ETS(5)    FBI(15)   MF(15)   POD(15)   FAR(15)    THS(15)   ETS(15)
FBI(2.5)  MF(2.5)  POD(2.5)  FAR(2.5)   THS(2.5)  ETS(2.5)  FBI(5)    MF(5)    POD(5)    FAR(5)    THS(5)    ETS(5)    FBI(10)   MF(10)   POD(10)   FAR(10)    THS(10)   ETS(10)
FBI(12.5) MF(12.5) POD(12.5) FAR(12.5)  THS(12.5) ETS(12.5) FBI(20)   MF(20)   POD(20)   FAR(20)   THS(20)   ETS(20)   FBI(25)   MF(25)   POD(25)   FAR(25)    THS(25)   ETS(25)
FBI(5)    MF(5)    POD(5)    FAR(5)     THS(5)    ETS(5)    FBI(10)   MF(10)   POD(10)   FAR(10)   THS(10)   ETS(10)   FBI(40)   MF(40)   POD(40)   FAR(40)    THS(40)   ETS(40)
FBI(5)    MF(5)    POD(5)    FAR(5)     THS(5)    ETS(5)    FBI(10)   MF(10)   POD(10)   FAR(10)   THS(10)   ETS(10)   FBI(40)   MF(40)   POD(40)   FAR(40)    THS(40)   ETS(40)
FBI(10)   MF(10)   POD(10)   FAR(10)    THS(10)   ETS(10)   FBI(70)   MF(70)   POD(70)   FAR(70)   THS(70)   ETS(70)   FBI(300)  MF(300)  POD(300)  FAR(300)   THS(300)  ETS(300)
FBI(20)   MF(20)   POD(20)   FAR(20)    THS(20)   ETS(20)   FBI(50)   MF(50)   POD(50)   FAR(50)   THS(50)   ETS(50)   FBI(150)  MF(150)  POD(150)  FAR(150)   THS(150)  ETS(150)
; Plot ranges for categorical station scores: station_cat_range(2,n_cat_param,n_cat_scores)
0.    0.      0.3  3.3    0.1 10.     0.1  10.    0.1 10.    0.1 10.    0.1   10.    0.1 10.    0.1 10.    0.   0.    0.   0.    0.   0.    0.   0.
0.    1.0     0.   1.0    0.   0.8    0.    0.4   0.   0.8   0.   1.0   0.     1.0   0.   1.0   0.   1.0   0.   1.    0.   1.    0.   1.    0.   1.
0.    1.      0.   1.     0.   1.     0.    1.    0.   1.    0.   1.    0.     1.    0.   1.    0.   1.    0.   1.    0.   1.    0.   1.    0.   1.
0.    1.      0.   1.     0.   1.     0.    1.    0.   1.    0.   1.    0.     1.    0.   1.    0.   1.    0.   1.    0.   1.    0.   1.    0.   1.
0.    1.      0.   1.     0.   1.     0.    1.    0.   1.    0.   1.    0.     1.    0.   1.    0.   1.    0.   1.    0.   1.    0.   1.    0.   1.
0.1  10.      0.   1.     0.   1.     0.    1.    0.   1.    0.   1.    0.1   10.    0.   1.    0.   1.    0.   1.    0.   1.    0.   1.    0.   1.
0.    0.      0.3  3.3    0.1 10.     0.1  10.    0.1 10.    0.1 10.    0.1   10.    0.1 10.    0.1 10.    0.   0.    0.   0.    0.   0.    0.   0.
0.    0.      0.   0.85   0.   0.7    0.    0.3   0.   0.7   0.   1.    0.     1.    0.   0.8   0.   0.8   0.   1.    0.   1.    0.   1.    0.   1.
0.    0.      0.   1.     0.   1.     0.    1.    0.   1.    0.   1.    0.     1.    0.   1.    0.   1.    0.   1.    0.   1.    0.   1.    0.   1.
0.    0.      0.   1.     0.   1.     0.    1.    0.   1.    0.   1.    0.     1.    0.   1.    0.   1.    0.   1.    0.   1.    0.   1.    0.   1.
0.    0.      0.   1.     0.   1.     0.    1.    0.   1.    0.   1.    0.     1.    0.   1.    0.   1.    0.   1.    0.   1.    0.   1.    0.   1.
0.    0.      0.   1.     0.   1.     0.    1.    0.   1.    0.   1.    0.     1.    0.   1.    0.   1.    0.   1.    0.   1.    0.   1.    0.   1.
0.    0.      0.   0.     0.1 10.     0.1  10.    0.1 10.    0.1 10.    0.1   10.    0.1 10.    0.1 10.    0.   0.    0.   0.    0.   0.    0.   0.
0.    0.      0.   0.     0.   0.25   0.    0.1   0.   0.25  0.   0.5   0.     0.7   0.   0.4   0.   0.4   0.   1.    0.   1.    0.   1.    0.   1.
0.    0.      0.   0.     0.   1.     0.    1.    0.   1.    0.   1.    0.     1.    0.   1.    0.   1.    0.   1.    0.   1.    0.   1.    0.   1.
0.    0.      0.   0.     0.   1.     0.    1.    0.   1.    0.   1.    0.     1.    0.   1.    0.   1.    0.   1.    0.   1.    0.   1.    0.   1.
0.    0.      0.   0.     0.   1.     0.    1.    0.   1.    0.   1.    0.     1.    0.   1.    0.   1.    0.   1.    0.   1.    0.   1.    0.   1.
0.    0.      0.   0.     0.   1.     0.    1.    0.   1.    0.   1.    0.     1.    0.   1.    0.   1.    0.   1.    0.   1.    0.   1.    0.   1.
; Plot ranges for categorical time scores: time_cat_range(2,n_cat_param,n_cat_scores)
0.  0.      0.  45.     0. 120.     0.  100.    0.  90.    0.  15.    0.  25.    0.   4.    0.  20.    0.   0.    0.   0.    0.   0.    0.   0.
0.  1.      0.   1.3    0.   1.3    0.    1.3   0.   1.3   0.   1.3   0.   1.3   0.   1.3   0.   1.3   0.   1.    0.   1.    0.   1.    0.   1.
0.  1.      0.   1.     0.   1.     0.    1.    0.   1.    0.   1.    0.   1.    0.   1.    0.   1.    0.   1.    0.   1.    0.   1.    0.   1.
0.  1.      0.   1.     0.   1.     0.    1.    0.   1.    0.   1.    0.   1.    0.   1.    0.   1.    0.   1.    0.   1.    0.   1.    0.   1.
0.  1.      0.   1.     0.   1.     0.    1.    0.   1.    0.   1.    0.   1.    0.   1.    0.   1.    0.   1.    0.   1.    0.   1.    0.   1.
0.  1.     -0.3  1.     0.   1.     0.    1.    0.   1.    0.   1.    0.   1.    0.   1.    0.   1.    0.   1.    0.   1.    0.   1.    0.   1.
0.  0.      0.  45.     0.  70.     0.   10.    0.  70.    0.  50.    0.  50.    0.   9.    0.  60.    0.   0.    0.   0.    0.   0.    0.   0.
0.  1.      0.   1.3    0.   1.3    0.    1.0   0.   1.3   0.   1.3   0.   1.3   0.   1.    0.   1.3   0.   1.    0.   1.    0.   1.    0.   1.
0.  1.      0.   1.     0.   1.     0.    1.    0.   1.    0.   1.    0.   1.    0.   1.    0.   1.    0.   1.    0.   1.    0.   1.    0.   1.
0.  1.      0.   1.     0.   1.     0.    1.    0.   1.    0.   1.    0.   1.    0.   1.    0.   1.    0.   1.    0.   1.    0.   1.    0.   1.
0.  1.      0.   1.     0.   1.     0.    1.    0.   1.    0.   1.    0.   1.    0.   1.    0.   1.    0.   1.    0.   1.    0.   1.    0.   1.
0.  1.     -0.3  1.0    0.   1.     0.    1.    0.   1.    0.   1.    0.   1.    0.   1.    0.   1.    0.   1.    0.   1.    0.   1.    0.   1.
0.  0.      0.   0.     0.  25.     0.   10.    0.  40.    0.  50.    0.  50.    0.   7.    0.  30.    0.   0.    0.   0.    0.   0.    0.   0.
0.  1.      0.   0.     0.   1.     0.    1.    0.   1.    0.   1.    0.   1.    0.   0.6   0.   0.8   0.   1.    0.   1.    0.   1.    0.   1.
0.  1.      0.   0.     0.   1.     0.    1.    0.   1.    0.   1.    0.   1.    0.   1.    0.   1.    0.   1.    0.   1.    0.   1.    0.   1.
0.  1.      0.   0.     0.   1.     0.    1.    0.   1.    0.   1.    0.   1.    0.   1.    0.   1.    0.   1.    0.   1.    0.   1.    0.   1.
0.  1.      0.   0.     0.   1.     0.    1.    0.   1.    0.   1.    0.   1.    0.   1.    0.   1.    0.   1.    0.   1.    0.   1.    0.   1.
0.  1.      0.   0.     0.   1.     0.    1.    0.   1.    0.   1.    0.   1.    0.   1.    0.   1.    0.   1.    0.   1.    0.   1.    0.   1.
; Plot ranges for categorical daytime scores: daytime_cat_range(2,n_cat_param,n_cat_scores)
0.  0.      0.5  2.0    0.5  4.0    0.5   4.0   0.5  2.5   0.8  1.2   0.7  1.3   0.2  1.5   0.9  2.5   0.   0.    0.   0.    0.   0.    0.   0.
0.  1.      0.0  1.0    0.0  0.8    0.0   0.5   0.0  0.8   0.0  1.0   0.4  1.0   0.0  0.8   0.0  1.0   0.   1.    0.   1.    0.   1.    0.   1.
0.  1.      0.   1.     0.   1.     0.    1.    0.   1.    0.   1.    0.   1.    0.   1.    0.   1.    0.   1.    0.   1.    0.   1.    0.   1.
0.  1.      0.   1.     0.   1.     0.    1.    0.   1.    0.   1.    0.   1.    0.   1.    0.   1.    0.   1.    0.   1.    0.   1.    0.   1.
0.  1.      0.   1.     0.   1.     0.    1.    0.   1.    0.   1.    0.   1.    0.   1.    0.   1.    0.   1.    0.   1.    0.   1.    0.   1.
0.  1.      0.   1.     0.   1.     0.    1.    0.   1.    0.   1.    0.   1.    0.   1.    0.   1.    0.   1.    0.   1.    0.   1.    0.   1.
0.  0.      0.5  2.0    0.5  3.0    0.5   3.0   0.5  2.5   0.4  1.5   0.1  1.3   0.0  1.4   0.3  3.0   0.   0.    0.   0.    0.   0.    0.   0.
0.  1.      0.0  0.8    0.0  0.6    0.0   0.2   0.0  0.6   0.0  0.9   0.0  1.0   0.0  0.3   0.0  0.35  0.   1.    0.   1.    0.   1.    0.   1.
0.  1.      0.   1.     0.   1.     0.    1.    0.   1.    0.   1.    0.   1.    0.   1.    0.   1.    0.   1.    0.   1.    0.   1.    0.   1.
0.  1.      0.   1.     0.   1.     0.    1.    0.   1.    0.   1.    0.   1.    0.   1.    0.   1.    0.   1.    0.   1.    0.   1.    0.   1.
0.  1.      0.   1.     0.   1.     0.    1.    0.   1.    0.   1.    0.   1.    0.   1.    0.   1.    0.   1.    0.   1.    0.   1.    0.   1.
0.  1.      0.   1.     0.   1.     0.    1.    0.   1.    0.   1.    0.   1.    0.   1.    0.   1.    0.   1.    0.   1.    0.   1.    0.   1.
0.  0.      0.   0.     0.0  2.5    0.0   2.5   0.0  2.0   0.0 40.    0.0  2.0   0.0  1.0   0.0  4.0   0.   0.    0.   0.    0.   0.    0.   0.
0.  1.      0.   0.     0.0  0.1    0.0   0.1   0.0  0.1   0.0  0.4   0.0  0.3   0.0  0.06  0.0  0.08  0.   1.    0.   1.    0.   1.    0.   1.
0.  1.      0.   0.     0.   1.     0.    1.    0.   1.    0.   1.    0.   1.    0.   1.    0.   1.    0.   1.    0.   1.    0.   1.    0.   1.
0.  1.      0.   0.     0.   1.     0.    1.    0.   1.    0.   1.    0.   1.    0.   1.    0.   1.    0.   1.    0.   1.    0.   1.    0.   1.
0.  1.      0.   0.     0.   1.     0.    1.    0.   1.    0.   1.    0.   1.    0.   1.    0.   1.    0.   1.    0.   1.    0.   1.    0.   1.
0.  1.      0.   0.     0.   1.     0.    1.    0.   1.    0.   1.    0.   1.    0.   1.    0.   1.    0.   1.    0.   1.    0.   1.    0.   1.
; Plot ranges for categorical total scores: total_cat_range(2,n_cat_param,n_cat_scores)
0.  0.      0.5  2.     0.5  2.5    0.    3.    0.5  2.5   0.8  1.3   0.8  1.3   0.2  1.4   0.5  1.5   0.   0.    0.   0.    0.   0.    0.   0.
0.  1.      0.   0.9    0.1  0.5    0.    0.3   0.2  0.8   0.   1.    0.   1.    0.   1.    0.   1.2   0.   1.    0.   1.    0.   1.    0.   1.
0.  1.2     0.   1.2    0.   1.2    0.    1.2   0.   1.2   0.   1.2   0.   1.2   0.   1.2   0.   1.2   0.   1.    0.   1.    0.   1.    0.   1.
0.  1.      0.   1.     0.   1.     0.    1.    0.   1.    0.   1.    0.   1.    0.   1.    0.   1.    0.   1.    0.   1.    0.   1.    0.   1.
0.  1.      0.   1.     0.   1.     0.    1.    0.   1.    0.   1.    0.   1.    0.   1.    0.   1.    0.   1.    0.   1.    0.   1.    0.   1.
0.  1.      0.   1.     0.   1.     0.    1.    0.   1.    0.   1.    0.   1.    0.   1.    0.   1.    0.   1.    0.   1.    0.   1.    0.   1.
0.  0.      0.5  2.     0.5  2.5    0.5   2.5   0.5  2.5   0.8  1.3   0.8  1.3   0.   1.4   0.2  2.    0.   0.    0.   0.    0.   0.    0.   0.
0.  1.      0.   0.8    0.   0.3    0.    0.1   0.   0.4   0.   1.    0.   1.    0.   1.    0.   0.4   0.   1.    0.   1.    0.   1.    0.   1.
0.  1.      0.   1.     0.   1.     0.    1.    0.   1.    0.   1.    0.   1.    0.   1.    0.   1.    0.   1.    0.   1.    0.   1.    0.   1.
0.  1.      0.   1.     0.   1.     0.    1.    0.   1.    0.   1.    0.   1.    0.   1.    0.   1.    0.   1.    0.   1.    0.   1.    0.   1.
0.  1.      0.   1.     0.   1.     0.    1.    0.   1.    0.   1.    0.   1.    0.   1.    0.   1.    0.   1.    0.   1.    0.   1.    0.   1.
0.  1.      0.   1.     0.   1.     0.    1.    0.   1.    0.   1.    0.   1.    0.   1.    0.   1.    0.   1.    0.   1.    0.   1.    0.   1.
0.  0.      0.   0.     0.5  2.5    0.5   2.    0.5  2.5   0.8  1.3   0.4  1.3   0.   1.    0.   2.5   0.   0.    0.   0.    0.   0.    0.   0.
0.  1.      0.   0.     0.   0.05   0.    0.03  0.   0.1   0.   1.    0.   1.    0.   1.    0.   0.2   0.   1.    0.   1.    0.   1.    0.   1.
0.  1.      0.   0.     0.   1.     0.    1.    0.   1.    0.   1.    0.   1.    0.   1.    0.   1.    0.   1.    0.   1.    0.   1.    0.   1.
0.  1.      0.   0.     0.   1.     0.    1.    0.   1.    0.   1.    0.   1.    0.   1.    0.   1.    0.   1.    0.   1.    0.   1.    0.   1.
0.  1.      0.   0.     0.   1.     0.    1.    0.   1.    0.   1.    0.   1.    0.   1.    0.   1.    0.   1.    0.   1.    0.   1.    0.   1.
0.  1.      0.   0.     0.   1.     0.    1.    0.   1.    0.   1.    0.   1.    0.   1.    0.   1.    0.   1.    0.   1.    0.   1.    0.   1.
; Colortable settings for categorical statistics: cat_ct(n_cat_param,n_cat_scores)
60          54          60          60          60          67         60         66        66         60         60         60         60
64          64          64          64          64          64         64         64        64         64         64         64         64
64          64          64          64          64          64         64         64        64         64         64         64         64
65          65          65          65          65          65         65         65        65         65         65         65         65
64          64          64          64          64          64         64         64        64         64         64         64         64
64          64          64          64          64          64         64         64        64         64         64         64         64
60          54          60          60          60          67         60         66        66         60         60         60         60
64          64          64          64          64          64         64         64        64         64         64         64         64
64          64          64          64          64          64         64         64        64         64         64         64         64
65          65          65          65          65          65         65         65        65         65         65         65         65
64          64          64          64          64          64         64         64        64         64         64         64         64
64          64          64          64          64          64         64         64        64         64         64         64         64
60          54          60          60          60          67         60         66        66         60         60         60         60
64          64          64          64          64          64         64         64        64         64         64         64         64
64          64          64          64          64          64         64         64        64         64         64         64         64
65          65          65          65          65          65         65         65        65         65         65         65         65
64          64          64          64          64          64         64         64        64         64         64         64         64
64          64          64          64          64          64         64         64        64         64         64         64         64
